[0.54604733],
       [1.5867473 ],
       [0.591026  ],
       [1.1410922 ],
       [0.689808  ],
       [0.3679609 ],
       [0.65382665],
       [0.57976115],
       [0.81457573],
       [0.5961153 ],
       [0.9577291 ],
       [0.7428203 ],
       [3.2390342 ],
       [0.6209716 ],
       [0.7079236 ],
       [0.5919975 ],
       [0.57416797],
       [0.74333906],
       [0.54776704],
       [0.67503744],
       [0.65380794],
       [0.93224066],
       [1.1070751 ],
       [0.77971375],
       [0.66162497],
       [0.5216953 ],
       [0.15323341],
       [0.6436598 ],
       [1.0466338 ],
       [1.4254397 ],
       [0.3291262 ],
       [0.4688422 ]